20
14
12
13 10 14 2 11 12 14 13 13 9 13 9 
7
17
7 7 1 4 4 3 1 2 1 3 3 1 2 5 1 6 3 
13
17
6 13 2 12 2 3 6 4 1 12 10 3 3 1 6 1 7 
3
9
2 2 1 2 2 1 1 3 1 
5
23
2 4 1 5 2 1 3 3 1 3 2 3 1 1 3 1 1 5 2 5 2 4 1 
13
7
7 9 4 1 8 11 4 
11
21
2 9 6 9 3 11 2 5 4 4 3 6 11 9 5 1 6 1 2 9 9 
6
7
5 6 2 5 6 5 6 
19
8
14 1 12 19 7 4 15 19 
13
13
1 9 2 10 9 4 13 8 13 8 5 2 12 
12
10
6 6 10 3 5 4 9 5 9 1 
14
7
11 12 14 14 4 12 8 
20
23
7 5 12 8 4 5 6 2 4 17 15 1 6 9 18 1 5 14 17 10 15 2 2 
9
25
7 8 4 5 2 4 4 2 4 7 9 7 7 1 9 6 5 7 3 1 5 1 1 4 8 
4
8
2 1 2 2 4 3 2 1 
13
13
2 6 1 5 13 4 9 8 3 6 6 6 10 
10
12
7 5 7 8 2 10 9 2 10 1 3 4 
14
19
4 4 2 12 14 14 13 7 8 13 2 10 9 8 8 11 3 14 1 
15
7
4 3 11 13 12 8 10 
1
8
1 1 1 1 1 1 1 1 
